-210 1 2
-209 1 0
-208 0 1
-207 2 0
-206 1 1
-205 1 3
-204 2 3
-203 2 4
-202 3 3
-201 5 4
-200 3 0
-199 5 3
-198 1 1
-197 2 0
-196 2 1
-195 0 1
-194 1 0
-193 0 0
-192 0 0
-191 1 0
-190 0 0
-189 0 0
-188 0 0
-187 0 0
-186 0 0
-185 0 0
-184 0 0
-183 0 0
-182 0 0
-181 0 0
-180 0 0
-179 0 0
-178 0 0
-177 0 0
-176 0 0
-175 0 0
-174 0 0
-173 0 0
-172 1 1
-171 1 0
-170 1 0
-169 0 0
-168 0 0
-167 0 0
-166 0 0
-165 1 0
-164 0 0
-163 0 0
-162 0 0
-161 0 0
-160 1 0
-159 0 0
-158 0 0
-157 0 0
-156 0 0
-155 0 0
-154 0 0
-153 0 0
-152 0 0
-151 0 0
-150 0 0
-149 0 0
-148 0 0
-147 0 0
-146 0 0
-145 0 0
-144 0 0
-143 0 1
-142 0 0
-141 0 0
-140 0 0
-139 0 0
-138 0 0
-137 0 0
-136 0 0
-135 0 0
-134 0 0
-133 0 0
-132 0 0
-131 0 0
-130 0 0
-129 0 0
-128 0 0
-127 0 0
-126 0 0
-125 0 0
-124 0 0
-123 0 0
-122 0 0
-121 0 0
-120 1 0
-119 0 0
-118 0 0
-117 0 0
-116 0 0
-115 0 0
-114 0 0
-113 1 0
-112 0 0
-111 0 0
-110 0 0
-109 0 0
-108 0 0
-107 0 0
-106 0 0
-105 0 0
-104 0 0
-103 0 0
-102 0 0
-101 0 0
-100 0 0
-99 0 0
-98 0 0
-97 1 0
-96 0 0
-95 0 0
-94 0 0
-93 0 0
-92 0 0
-91 0 0
-90 0 0
-89 0 0
-88 0 0
-87 0 0
-86 0 1
-85 0 0
-84 0 0
-83 0 0
-82 1 0
-81 0 0
-80 0 0
-79 0 0
-78 0 0
-77 0 0
-76 0 0
-75 0 0
-74 0 0
-73 0 0
-72 0 0
-71 0 0
-70 0 0
-69 0 0
-68 0 0
-67 1 0
-66 0 0
-65 0 0
-64 0 0
-63 0 0
-62 0 0
-61 0 0
-60 1 0
-59 0 0
-58 0 0
-57 0 0
-56 0 0
-55 0 0
-54 0 0
-53 0 0
-52 0 0
-51 0 0
-50 0 0
-49 0 0
-48 0 0
-47 0 0
-46 1 0
-45 0 0
-44 0 0
-43 0 0
-42 0 0
-41 0 0
-40 0 1
-39 0 0
-38 0 0
-37 0 0
-36 0 0
-35 0 0
-34 0 0
-33 0 0
-32 0 1
-31 0 0
-30 0 0
-29 0 0
-28 0 0
-27 0 0
-26 0 0
-25 0 0
-24 0 0
-23 0 0
-22 0 0
-21 1 0
-20 1 1
-19 0 0
-18 0 0
-17 0 0
-16 0 0
-15 0 0
-14 0 0
-13 0 0
-12 0 0
-11 1 0
-10 0 0
-9 1 0
-8 2 1
-7 1 1
-6 1 6
-5 6 4
-4 2 4
-3 5 6
-2 5 7
-1 9 10
0 9826 9827
1 11 8
2 7 6
3 6 5
4 4 2
5 5 5
6 6 2
7 0 3
8 1 0
9 0 1
10 0 0
11 0 1
12 0 0
13 0 0
14 0 0
15 0 0
16 0 0
17 0 0
18 0 0
19 0 0
20 1 0
21 0 2
22 0 1
23 0 0
24 0 0
25 0 0
26 0 0
27 0 0
28 0 0
29 0 0
30 0 0
31 1 0
32 0 0
33 0 0
34 0 0
35 0 0
36 0 0
37 0 0
38 0 0
39 0 0
40 1 0
41 0 0
42 0 0
43 0 0
44 0 0
45 0 0
46 0 1
47 0 0
48 0 0
49 0 0
50 0 0
51 0 0
52 0 0
53 0 0
54 0 0
55 0 0
56 0 0
57 0 0
58 0 0
59 0 0
60 0 1
61 0 0
62 0 0
63 0 0
64 0 0
65 0 0
66 0 0
67 0 0
68 0 1
69 0 0
70 0 0
71 0 0
72 0 0
73 0 0
74 0 0
75 0 0
76 0 0
77 0 0
78 0 0
79 0 0
80 0 0
81 0 0
82 0 1
83 0 0
84 0 0
85 1 0
86 0 0
87 0 0
88 0 0
89 0 0
90 0 0
91 0 0
92 0 0
93 0 0
94 0 0
95 0 0
96 0 0
97 0 0
98 0 1
99 0 0
100 0 0
101 0 0
102 0 0
103 0 0
104 0 0
105 0 0
106 0 0
107 0 0
108 0 0
109 0 0
110 0 0
111 0 0
112 0 0
113 0 0
114 0 1
115 0 0
116 0 0
117 0 0
118 0 0
119 0 0
120 0 0
121 0 1
122 0 0
123 0 0
124 0 0
125 0 0
126 0 0
127 0 0
128 0 0
129 0 0
130 0 0
131 0 0
132 0 0
133 0 0
134 0 0
135 0 0
136 0 0
137 0 0
138 0 0
139 0 0
140 0 0
141 0 0
142 1 0
143 0 0
144 0 0
145 0 0
146 0 0
147 0 0
148 0 0
149 0 0
150 0 0
151 0 0
152 0 0
153 0 0
154 0 0
155 0 0
156 0 0
157 0 0
158 0 0
159 0 0
160 0 0
161 0 1
162 0 0
163 0 0
164 0 0
165 0 0
166 0 1
167 0 1
168 0 0
169 0 0
170 0 0
171 1 0
172 0 2
173 0 0
174 0 0
175 0 0
176 0 0
177 0 0
178 0 0
179 0 0
180 0 0
181 0 0
182 0 0
183 0 0
184 0 0
185 0 0
186 0 0
187 0 0
188 0 0
189 0 0
190 0 0
191 0 0
192 0 0
193 0 1
194 2 0
195 0 0
196 1 1
197 3 0
198 0 2
199 4 2
200 2 1
201 4 7
202 3 1
203 3 5
204 2 3
205 0 4
206 1 0
207 1 1
208 1 1
209 0 1
210 1 1
211 0 1
212 1 1
