-48 1 0
-47 1 0
-46 2 0
-45 2 0
-44 2 0
-43 1 0
-42 1 0
-41 1 0
-40 1 0
-39 2 0
-38 1 0
-37 1 0
-36 1 0
-35 1 0
-34 1 0
-33 1 0
-32 1 0
-31 1 0
-30 1 0
-29 1 0
-28 1 0
-27 1 0
-26 1 0
-25 1 0
-24 1 0
-23 1 0
-22 1 0
-21 1 0
-20 1 1
-19 1 3
-18 9 2
-17 6 3
-16 11 3
-15 9 4
-14 10 3
-13 9 3
-12 9 2
-11 8 4
-10 10 3
-9 11 3
-8 8 3
-7 9 4
-6 13 3
-5 20 3
-4 26 6
-3 30 4
-2 35 7
-1 57 9
0 9583 9583
1 9 57
2 7 35
3 4 30
4 6 26
5 3 20
6 3 13
7 4 9
8 3 8
9 3 11
10 3 10
11 4 8
12 2 9
13 3 9
14 3 10
15 4 9
16 3 11
17 3 6
18 2 9
19 3 1
20 1 1
21 0 1
22 0 1
23 0 1
24 0 1
25 0 1
26 0 1
27 0 1
28 0 1
29 0 1
30 0 1
31 0 1
32 0 1
33 0 1
34 0 1
35 0 1
36 0 1
37 0 1
38 0 1
39 0 2
40 0 1
41 0 1
42 0 1
43 0 1
44 0 2
45 0 2
46 0 2
47 0 1
48 0 2
