-200 259 0
-199 8 0
-198 7 0
-197 4 0
-196 5 0
-195 3 0
-194 0 0
-193 2 0
-192 1 0
-191 0 0
-190 0 0
-189 1 0
-188 1 0
-187 1 0
-186 1 0
-185 1 0
-184 1 0
-183 1 0
-182 0 0
-181 0 0
-180 1 0
-179 2 0
-178 1 0
-177 0 0
-176 1 0
-175 1 0
-174 1 0
-173 2 0
-172 1 0
-171 0 0
-170 0 0
-169 1 0
-168 5 0
-167 1 0
-166 0 0
-165 0 0
-164 1 0
-163 1 0
-162 2 0
-161 1 0
-160 2 0
-159 1 0
-158 2 0
-157 2 0
-156 1 0
-155 3 0
-154 1 0
-153 2 0
-152 2 0
-151 2 0
-150 1 0
-149 4 0
-148 2 0
-147 4 0
-146 1 0
-145 0 0
-144 5 0
-143 4 0
-142 2 0
-141 3 0
-140 2 0
-139 3 0
-138 4 0
-137 5 0
-136 3 1
-135 3 0
-134 7 0
-133 2 0
-132 7 0
-131 7 0
-130 4 0
-129 6 0
-128 7 0
-127 7 0
-126 6 0
-125 7 0
-124 9 0
-123 11 0
-122 10 0
-121 10 0
-120 13 0
-119 13 0
-118 14 0
-117 17 0
-116 20 0
-115 20 0
-114 19 0
-113 20 0
-112 20 0
-111 23 0
-110 20 0
-109 24 0
-108 20 0
-107 27 0
-106 21 0
-105 26 0
-104 20 0
-103 24 0
-102 26 0
-101 12 0
-100 43 0
-99 31 0
-98 87 0
-97 99 0
-96 100 0
-95 110 0
-94 144 0
-93 141 0
-92 111 0
-91 88 0
-90 75 0
-89 70 0
-88 73 0
-87 63 0
-86 32 0
-85 32 0
-84 27 0
-83 25 0
-82 22 0
-81 20 0
-80 14 0
-79 16 0
-78 16 1
-77 12 3
-76 11 5
-75 11 4
-74 10 6
-73 10 7
-72 10 5
-71 6 8
-70 7 7
-69 10 8
-68 6 8
-67 5 8
-66 6 9
-65 4 9
-64 5 9
-63 5 10
-62 8 8
-61 3 10
-60 3 11
-59 6 10
-58 5 9
-57 1 10
-56 6 9
-55 3 10
-54 3 10
-53 5 11
-52 1 10
-51 4 9
-50 3 12
-49 1 10
-48 3 10
-47 3 11
-46 5 11
-45 2 9
-44 2 11
-43 1 11
-42 3 9
-41 4 11
-40 9 11
-39 85 10
-38 6 9
-37 5 11
-36 2 11
-35 2 12
-34 2 11
-33 5 6
-32 2 13
-31 2 12
-30 2 6
-29 1 16
-28 3 14
-27 3 14
-26 4 13
-25 1 12
-24 4 12
-23 3 13
-22 1 12
-21 2 11
-20 1 11
-19 1 14
-18 1 8
-17 3 14
-16 3 9
-15 2 10
-14 1 11
-13 2 9
-12 2 11
-11 2 12
-10 2 8
-9 80 9
-8 15 12
-7 5 8
-6 3 9
-5 3 14
-4 1 8
-3 3 7
-2 5 12
-1 4 13
0 6417 6417
1 14 4
2 11 4
3 9 3
4 10 2
5 10 2
6 10 3
7 7 4
8 12 12
9 9 84
10 8 2
11 13 2
12 10 2
13 9 2
14 13 1
15 11 2
16 9 3
17 11 3
18 10 1
19 13 1
20 10 1
21 13 2
22 11 1
23 12 4
24 12 3
25 15 2
26 12 3
27 14 3
28 12 3
29 16 1
30 8 2
31 11 2
32 12 2
33 9 5
34 9 2
35 13 3
36 9 1
37 12 7
38 8 4
39 12 83
40 9 11
41 12 4
42 8 3
43 12 1
44 12 2
45 7 2
46 13 5
47 10 3
48 11 3
49 11 1
50 10 3
51 10 4
52 10 1
53 9 5
54 10 2
55 11 3
56 11 7
57 8 1
58 9 5
59 12 7
60 9 2
61 9 4
62 9 7
63 10 5
64 9 4
65 9 6
66 8 6
67 9 4
68 8 6
69 8 12
70 7 5
71 7 6
72 7 12
73 6 8
74 4 12
75 6 10
76 3 11
77 3 11
78 1 16
79 0 16
80 0 15
81 0 21
82 0 19
83 0 28
84 0 25
85 0 32
86 0 34
87 0 58
88 0 77
89 0 70
90 0 76
91 0 92
92 0 110
93 0 142
94 0 143
95 0 109
96 0 98
97 0 97
98 0 84
99 0 53
100 0 24
101 0 19
102 0 21
103 0 27
104 0 19
105 0 26
106 0 24
107 0 24
108 0 21
109 0 23
110 0 21
111 0 22
112 0 19
113 0 22
114 0 19
115 0 21
116 0 18
117 0 16
118 0 14
119 0 14
120 0 11
121 0 11
122 0 12
123 0 6
124 0 11
125 0 7
126 0 7
127 0 7
128 0 5
129 0 6
130 0 6
131 0 5
132 0 6
133 0 3
134 0 6
135 0 4
136 1 4
137 0 3
138 0 4
139 0 4
140 0 1
141 0 4
142 0 2
143 0 5
144 0 3
145 0 0
146 0 3
147 0 3
148 0 2
149 0 3
150 0 1
151 0 3
152 0 1
153 0 2
154 0 2
155 0 3
156 0 0
157 0 3
158 0 1
159 0 2
160 0 1
161 0 1
162 0 2
163 0 1
164 0 1
165 0 0
166 0 0
167 0 1
168 0 5
169 0 1
170 0 0
171 0 0
172 0 2
173 0 1
174 0 1
175 0 1
176 0 1
177 0 1
178 0 0
179 0 2
180 0 1
181 0 0
182 0 0
183 0 1
184 0 1
185 0 1
186 0 1
187 0 1
188 0 2
189 0 0
190 0 0
191 0 1
192 0 0
193 0 2
194 0 1
195 0 3
196 0 5
197 0 5
198 0 6
199 0 10
200 0 257
