-192 1 0
-191 0 0
-190 0 0
-189 0 0
-188 0 0
-187 0 0
-186 0 0
-185 0 0
-184 0 0
-183 0 0
-182 0 0
-181 0 0
-180 0 0
-179 0 0
-178 0 0
-177 0 0
-176 0 0
-175 0 0
-174 0 0
-173 0 0
-172 0 0
-171 0 0
-170 0 0
-169 0 0
-168 0 0
-167 0 0
-166 0 0
-165 0 0
-164 0 0
-163 0 0
-162 0 0
-161 0 0
-160 0 0
-159 0 0
-158 0 0
-157 0 0
-156 0 0
-155 0 0
-154 0 0
-153 0 0
-152 0 0
-151 0 0
-150 0 0
-149 0 0
-148 0 0
-147 0 0
-146 0 0
-145 0 0
-144 0 0
-143 0 0
-142 0 0
-141 0 0
-140 0 0
-139 0 0
-138 0 0
-137 0 0
-136 0 0
-135 0 0
-134 0 0
-133 0 0
-132 0 0
-131 0 0
-130 0 0
-129 0 0
-128 0 0
-127 0 0
-126 0 0
-125 0 0
-124 0 0
-123 0 0
-122 0 0
-121 0 0
-120 0 0
-119 0 0
-118 0 0
-117 0 0
-116 0 0
-115 0 0
-114 0 0
-113 0 0
-112 0 0
-111 0 0
-110 0 0
-109 0 0
-108 0 0
-107 0 0
-106 0 0
-105 0 0
-104 0 0
-103 0 0
-102 0 0
-101 0 0
-100 0 0
-99 0 0
-98 0 0
-97 0 0
-96 0 0
-95 0 0
-94 0 0
-93 0 0
-92 0 0
-91 0 0
-90 0 0
-89 0 0
-88 0 0
-87 0 0
-86 0 0
-85 0 0
-84 0 0
-83 0 0
-82 0 0
-81 0 0
-80 0 0
-79 0 0
-78 0 0
-77 0 0
-76 0 0
-75 0 0
-74 0 0
-73 0 0
-72 0 0
-71 0 0
-70 0 0
-69 0 0
-68 0 0
-67 0 0
-66 0 0
-65 0 0
-64 0 0
-63 0 0
-62 0 0
-61 0 0
-60 0 0
-59 0 0
-58 2 0
-57 2 0
-56 2 0
-55 2 0
-54 2 0
-53 2 0
-52 2 0
-51 1 0
-50 2 0
-49 1 0
-48 2 0
-47 1 0
-46 2 0
-45 2 0
-44 2 0
-43 1 0
-42 1 0
-41 1 0
-40 1 0
-39 2 0
-38 1 0
-37 1 0
-36 1 0
-35 1 0
-34 1 0
-33 1 0
-32 1 0
-31 1 0
-30 1 0
-29 1 0
-28 1 0
-27 1 0
-26 1 0
-25 1 0
-24 1 0
-23 1 0
-22 1 0
-21 1 0
-20 1 1
-19 1 3
-18 9 2
-17 6 3
-16 11 3
-15 9 4
-14 10 3
-13 9 3
-12 9 2
-11 8 4
-10 10 3
-9 11 3
-8 8 3
-7 9 4
-6 13 3
-5 20 3
-4 26 6
-3 30 4
-2 35 7
-1 57 9
0 9583 9583
1 9 57
2 7 35
3 4 30
4 6 26
5 3 20
6 3 13
7 4 9
8 3 8
9 3 11
10 3 10
11 4 8
12 2 9
13 3 9
14 3 10
15 4 9
16 3 11
17 3 6
18 2 9
19 3 1
20 1 1
21 0 1
22 0 1
23 0 1
24 0 1
25 0 1
26 0 1
27 0 1
28 0 1
29 0 1
30 0 1
31 0 1
32 0 1
33 0 1
34 0 1
35 0 1
36 0 1
37 0 1
38 0 1
39 0 2
40 0 1
41 0 1
42 0 1
43 0 1
44 0 2
45 0 2
46 0 2
47 0 1
48 0 2
49 0 1
50 0 2
51 0 1
52 0 2
53 0 2
54 0 2
55 0 2
56 0 2
57 0 2
58 0 2
59 0 0
60 0 0
61 0 0
62 0 0
63 0 0
64 0 0
65 0 0
66 0 0
67 0 0
68 0 0
69 0 0
70 0 0
71 0 0
72 0 0
73 0 0
74 0 0
75 0 0
76 0 0
77 0 0
78 0 0
79 0 0
80 0 0
81 0 0
82 0 0
83 0 0
84 0 0
85 0 0
86 0 0
87 0 0
88 0 0
89 0 0
90 0 0
91 0 0
92 0 0
93 0 0
94 0 0
95 0 0
96 0 0
97 0 0
98 0 0
99 0 0
100 0 0
101 0 0
102 0 0
103 0 0
104 0 0
105 0 0
106 0 0
107 0 0
108 0 0
109 0 0
110 0 0
111 0 0
112 0 0
113 0 0
114 0 0
115 0 0
116 0 0
117 0 0
118 0 0
119 0 0
120 0 0
121 0 0
122 0 0
123 0 0
124 0 0
125 0 0
126 0 0
127 0 0
128 0 0
129 0 0
130 0 0
131 0 0
132 0 0
133 0 0
134 0 0
135 0 0
136 0 0
137 0 0
138 0 0
139 0 0
140 0 0
141 0 0
142 0 0
143 0 0
144 0 0
145 0 0
146 0 0
147 0 0
148 0 0
149 0 0
150 0 0
151 0 0
152 0 0
153 0 0
154 0 0
155 0 0
156 0 0
157 0 0
158 0 0
159 0 0
160 0 0
161 0 0
162 0 0
163 0 0
164 0 0
165 0 0
166 0 0
167 0 0
168 0 0
169 0 0
170 0 0
171 0 0
172 0 0
173 0 0
174 0 0
175 0 0
176 0 0
177 0 0
178 0 0
179 0 0
180 0 0
181 0 0
182 0 0
183 0 0
184 0 0
185 0 0
186 0 0
187 0 0
188 0 0
189 0 0
190 0 0
191 0 0
192 0 1
