2 4 : -18.7797
2 8 : -106.644
2 8 : -236.138
2 10 : 1462.13
2 10 : -99.4993
3 8 : -43.8317
3 8 : -100.549
3 9 : 3864.91
3 9 : -98.0618
3 10 : -97.9336
3 10 : 22745
3 11 : -99.5956
3 11 : 16139.3
3 13 : -40.0907
3 14 : -98.8175
3 14 : 7803.48
3 16 : 3.48937
3 17 : 3911.98
3 17 : -97.1619
3 18 : -5.18669
3 19 : -99.9274
3 19 : 2628.58
3 20 : -50.1569
3 20 : 1.39215
3 21 : -1.08677
3 21 : 833.42
3 23 : 33.182
3 25 : -99.1237
3 25 : 27718.1
3 26 : 1.08451
3 26 : -28.9193
3 28 : -97.6335
3 28 : 6552.32
3 29 : -97.4581
3 29 : 12268.9
3 30 : 9671.18
3 30 : -99.8543
3 31 : -96.3201
3 31 : 2628.2
3 32 : -1.07437
3 32 : 686.909
3 33 : -98.114
3 33 : 254532
3 34 : -99.3836
3 34 : 2743.95
3 35 : -98.1308
3 35 : 11776.4
3 36 : 7.43075
3 37 : -2.40242
3 37 : 460.329
3 39 : -96.4124
3 39 : 3937.48
3 40 : 2057.4
3 40 : -95.6624
3 41 : 3.13887
3 41 : -82.2793
3 44 : -1.29596
3 45 : 3.94854
3 45 : -84.4767
3 46 : 4694.35
3 46 : -96.8055
3 47 : 177.199
3 47 : -3.10797
3 49 : 2.04577
3 49 : -83.0508
3 50 : -44.5309
3 50 : 1.57634
3 51 : -92.0509
3 51 : 71.6043
3 52 : 2126.87
3 52 : -97.1239
3 53 : -99.1751
3 53 : 3603.99
3 54 : 3396.18
3 54 : -98.0384
3 55 : -31.2019
3 56 : 51.2274
3 57 : 2036.51
3 57 : -99.1642
3 58 : 1961.37
3 58 : -95.3273
3 59 : 2205.44
3 59 : -98.052
3 60 : -87.4501
3 60 : 2.32587
3 61 : -98.5938
3 61 : 7910.19
3 62 : 5740.71
3 62 : -99.2511
3 63 : -1.05002
3 63 : 48.407
3 64 : -96.5866
3 64 : 5067.62
3 65 : 2413.35
3 65 : -99.874
3 66 : 1.86585
3 68 : -3.18765
3 68 : 244.52
3 70 : -99.9558
3 70 : 2884.36
3 71 : 1.03912
3 71 : -33.5732
3 79 : -96.1001
3 79 : 18299.3
3 80 : 487.086
3 80 : -3.54803
3 81 : -96.1126
3 81 : 3121.58
3 82 : -97.9263
3 82 : 2568.92
3 83 : 11.7532
3 85 : -95.9607
3 85 : 3987.26
3 87 : -47.4538
3 87 : 1.28754
3 88 : 26979.5
3 88 : -96.666
3 90 : -2.05103
3 90 : 80.2307
3 92 : 1.21792
3 92 : -70.0195
3 93 : 2.38472
3 94 : -2.16091
3 94 : 263.311
3 95 : 4115.67
3 95 : -99.9555
3 96 : 7809.06
3 96 : -96.9749
3 97 : -96.3441
3 97 : 13809.7
3 98 : -97.787
3 98 : 2242.75
3 99 : 108.076
3 99 : -92.7071
4 17 : 66.1338
4 18 : -2140.57
4 18 : 7090.67
4 19 : -99.9838
4 19 : 5362.57
4 20 : -14.0919
4 20 : 718.204
4 21 : -99.0657
4 21 : -873.761
4 22 : -100.972
4 22 : -57.9884
4 25 : 57.9886
4 26 : 324.283
4 27 : -61.3358
4 27 : 2.01982
4 28 : 3428.03
4 28 : -99.172
4 29 : 11807.1
4 29 : -98.0204
4 30 : -97.6215
4 30 : 8969.64
4 31 : 106.106
4 31 : -1.35065
4 33 : -98.4214
4 33 : 5463.23
4 34 : -2.48424
4 35 : -98.5408
4 35 : 4693.69
4 36 : -97.0043
4 36 : 9170.88
4 37 : 13667.6
4 37 : -97.5449
4 38 : 46.0651
4 39 : 4952.99
4 39 : -97.8385
4 40 : -1.35972
4 40 : 131.878
4 41 : -97.2728
4 41 : 4527.51
4 42 : 42528.8
4 42 : -98.1185
4 43 : -4.72808
4 45 : -61.6128
4 45 : 1.39731
4 46 : 46.7845
4 47 : -1.65028
4 47 : 181.596
4 54 : -36.4635
4 56 : -98.3264
4 56 : 3.52777
4 58 : 52.9181
4 59 : 2987
4 59 : -97.9307
4 60 : -99.7589
4 60 : 7350.62
4 62 : 4370.2
4 62 : -99.6046
4 63 : -99.8717
4 63 : 8090.51
4 64 : 1.39351
4 64 : -53.633
4 65 : -49.0297
4 67 : 63.8098
4 68 : 3900.55
4 68 : -99.5514
4 69 : 696.416
4 69 : -1.7593
4 70 : 122.312
4 70 : -2.04066
4 71 : -99.5061
4 71 : 9264.54
4 73 : 152.836
4 73 : -2.07637
4 74 : -99.9239
4 74 : 10551.3
4 75 : 125.97
4 76 : -1.66661
4 77 : -72.4633
4 78 : -98.7737
4 78 : -14.7464
4 80 : 1.96098
4 80 : -79.3845
4 81 : -14.0893
4 82 : 5728.87
4 82 : -99.7939
4 83 : 978.43
4 83 : -3.30009
4 85 : -27.4595
4 86 : 3932.95
4 86 : -97.8715
4 87 : 2.47904
4 87 : -83.5463
4 89 : -2.25704
4 89 : 1696.16
4 90 : -21.6553
4 91 : -42.4978
4 93 : -28.1103
4 94 : -8.61726
4 95 : -97.7613
4 95 : 5750.06
4 96 : -97.7649
4 96 : 8453.07
4 97 : 116.972
4 97 : -1.74237
4 99 : -25.5602
5 61 : 1.76691
5 61 : 19.4183
5 62 : 2.46819
5 62 : 66.6372
5 63 : -176.054
5 63 : -88.5237
5 64 : 106.099
5 64 : -441.482
5 65 : -96.9267
5 65 : 182.537
5 66 : 82.6758
5 66 : -209.852
5 67 : -43.2172
5 67 : 178.728
5 68 : -70.0085
5 68 : 347.269
5 69 : -20.3488
5 69 : 48.8604
5 70 : -143.38
5 70 : -929.087
5 71 : 6160.03
5 71 : -98.3724
5 72 : -84.9442
5 72 : -168.395
5 73 : -70.1217
5 73 : -94.9047
5 74 : 256.04
5 74 : -18967.8
5 75 : 4522.71
5 75 : -76.9169
5 76 : 1742.57
5 76 : -43.9217
5 77 : 3050.1
5 77 : -78.9492
5 78 : -138.583
5 78 : -99.8766
5 79 : 64.4701
5 80 : -95.6561
5 80 : -100.56
5 81 : 80.5125
5 81 : -183.47
5 82 : 234.065
5 82 : -98.0129
5 83 : -41.5818
5 83 : 3210.8
5 84 : -222.447
5 84 : 40240.1
5 85 : 17.235
5 85 : -92.3297
5 86 : 292.577
5 86 : 1404.11
5 87 : -3917.93
5 87 : 314283
5 88 : 28898.5
5 88 : -82.3047
5 89 : -99.5244
5 89 : -179.427
5 90 : -151.694
5 90 : 43887.5
5 91 : -97.7575
5 91 : 1108.92
5 93 : -14.1313
5 94 : -923.123
5 94 : -191.603
5 95 : 25.646
5 95 : -10149.1
5 96 : 43623.9
5 96 : -99.2336
5 97 : -112.672
5 97 : -8.55096
5 98 : 12.5097
5 98 : -3847.65
5 99 : -97.4343
5 99 : 84824.2
count1 = 151
count2 = 162
total = 313
dim = 1
hm
void surf_plot(const vec&, const vec&, const mat&, const string&)
void surf_plot(const vec&, const vec&, const mat&, const string&)
